==================================================
         REPORTE DE EJECUCIÓN MULTIOBJETIVO       
==================================================
URL Instancia Evaluada: https://gist.githubusercontent.com/athersoft/61aa11e8d3cef6584417439e5fcc4808/raw/bc28fbcea9b088c0abec974fa5537a6e02d9da98/infraestructuraProhibitiva
Tamaño de Instancia: 40 CDs

CARACTERIZACIÓN DE LA INSTANCIA
--- Análisis de la Instancia ---
Costos Fijos (F):
  - Promedio: 197435.40
  - Desv. Estándar: 59141.25
  - Coef. Variación (CV): 29.95%
Capacidades (Cap):
  - Promedio: 1244.88
  - Desv. Estándar: 115.64
  - Coef. Variación (CV): 9.29%
Demandas (d):
  - Promedio: 30.09
  - Desv. Estándar: 5.86
  - Coef. Variación (CV): 19.48%
Costos de Transporte (TC):
  - Promedio: 5.87
  - Desv. Estándar: 3.80
  - Coef. Variación (CV): 64.69%

Análisis de Tensión:
  - Demanda Total de la Red: 2407.00
  - Capacidad Total de CDs : 49795.00
  - Ratio (Cap/Dem)        : 20.69x (Holgada)
--------------------------------

RESULTADOS EPSILON-CONSTRAINT
Tiempo de ejecución : 685.5768 segundos
Hipervolumen        : 132948180105212.8750
Puntos Lexicográficos (Extremos del Frente):
  - Nadir: Transp=1095836900.00, Infra=3351378.15
  - Transp. Mín   : Transp=986347000.00, Infra=3351378.15
  - Infra. Mín    : Transp=1095836900.00, Infra=1958449.93

Puntos del Frente (10 steps):
  Punto 1: Transp=1095836900.00, Infra=1958449.93
  Punto 2: Transp=1005212300.00, Infra=2102435.79
  Punto 3: Transp=991912600.00, Infra=2247150.52
  Punto 4: Transp=987516700.00, Infra=2333652.83
  Punto 5: Transp=987463900.00, Infra=2577399.38
  Punto 6: Transp=986892800.00, Infra=2732298.94
  Punto 7: Transp=986454600.00, Infra=2877848.91
  Punto 8: Transp=986454600.00, Infra=3041838.55
  Punto 9: Transp=986444000.00, Infra=3196608.35
  Punto 10: Transp=986347000.00, Infra=3351378.15

RESULTADOS HEURÍSTICA (TPLS)
** El TPLS se detuvo prematuramente en la iteración 16 de 50 debido a falta de mejora. **
Tiempo de ejecución : 1256.1142 segundos
Hipervolumen        : 144458818349115.0625

Frente de Pareto Final - 29 puntos:
  Punto 1: Transp=1024847100.00, Infra=1966261.40 | State: (1, 1, 0, 0, 0, 0, 0, 0, 0, 0, 0, 0, 0, 0, 0, 0, 0, 0, 0, 0, 0, 0, 0, 0, 0, 0, 0, 0, 0, 0, 0, 0, 0, 0, 0, 0, 0, 0, 0, 0)
  Punto 2: Transp=987089100.00, Infra=2777397.69 | State: (0, 0, 1, 0, 0, 1, 0, 0, 0, 0, 0, 0, 0, 0, 0, 0, 0, 0, 0, 0, 0, 0, 0, 0, 0, 0, 0, 0, 0, 0, 0, 0, 1, 0, 0, 0, 0, 0, 0, 0)
  Punto 3: Transp=987496300.00, Infra=2606964.64 | State: (0, 0, 1, 0, 0, 0, 0, 0, 0, 0, 0, 0, 0, 0, 0, 0, 0, 0, 0, 0, 0, 0, 0, 0, 0, 0, 0, 0, 0, 0, 0, 0, 1, 0, 0, 0, 0, 0, 1, 0)
  Punto 4: Transp=1015406300.00, Infra=2000661.28 | State: (0, 1, 1, 0, 0, 0, 0, 0, 0, 0, 0, 0, 0, 0, 0, 0, 0, 0, 0, 0, 0, 0, 0, 0, 0, 0, 0, 0, 0, 0, 0, 0, 0, 0, 0, 0, 0, 0, 0, 0)
  Punto 5: Transp=1015368700.00, Infra=2001011.60 | State: (0, 1, 1, 0, 0, 0, 0, 0, 0, 0, 0, 0, 0, 0, 0, 0, 0, 0, 0, 0, 0, 0, 0, 0, 0, 0, 0, 0, 0, 0, 0, 0, 0, 0, 0, 0, 0, 0, 0, 0)
  Punto 6: Transp=986347000.00, Infra=3355459.11 | State: (0, 0, 1, 0, 0, 1, 0, 0, 0, 0, 0, 0, 0, 0, 0, 0, 0, 0, 0, 0, 0, 0, 0, 0, 0, 1, 0, 0, 0, 0, 0, 0, 1, 0, 0, 0, 0, 0, 0, 0)
  Punto 7: Transp=987357100.00, Infra=2709149.18 | State: (0, 0, 1, 0, 0, 0, 0, 0, 0, 0, 0, 0, 0, 0, 0, 0, 0, 0, 0, 0, 0, 0, 0, 0, 0, 0, 0, 0, 0, 0, 0, 1, 1, 0, 0, 0, 0, 0, 0, 0)
  Punto 8: Transp=1024823700.00, Infra=1968365.56 | State: (1, 1, 0, 0, 0, 0, 0, 0, 0, 0, 0, 0, 0, 0, 0, 0, 0, 0, 0, 0, 0, 0, 0, 0, 0, 0, 0, 0, 0, 0, 0, 0, 0, 0, 0, 0, 0, 0, 0, 0)
  Punto 9: Transp=1024859700.00, Infra=1964965.04 | State: (1, 1, 0, 0, 0, 0, 0, 0, 0, 0, 0, 0, 0, 0, 0, 0, 0, 0, 0, 0, 0, 0, 0, 0, 0, 0, 0, 0, 0, 0, 0, 0, 0, 0, 0, 0, 0, 0, 0, 0)
  Punto 10: Transp=1012164700.00, Infra=2040836.16 | State: (0, 1, 0, 0, 0, 0, 0, 0, 0, 0, 0, 0, 0, 0, 0, 0, 0, 0, 0, 0, 0, 0, 0, 0, 0, 0, 0, 0, 0, 0, 0, 0, 0, 0, 0, 0, 0, 0, 1, 0)
  Punto 11: Transp=1015359300.00, Infra=2001164.31 | State: (0, 1, 1, 0, 0, 0, 0, 0, 0, 0, 0, 0, 0, 0, 0, 0, 0, 0, 0, 0, 0, 0, 0, 0, 0, 0, 0, 0, 0, 0, 0, 0, 0, 0, 0, 0, 0, 0, 0, 0)
  Punto 12: Transp=987155300.00, Infra=2727409.73 | State: (0, 0, 1, 0, 0, 0, 0, 0, 0, 0, 0, 0, 0, 0, 0, 0, 0, 0, 0, 0, 0, 0, 0, 0, 0, 0, 0, 1, 0, 0, 0, 0, 1, 0, 0, 0, 0, 0, 0, 0)
  Punto 13: Transp=1024757100.00, Infra=1972021.04 | State: (1, 1, 0, 0, 0, 0, 0, 0, 0, 0, 0, 0, 0, 0, 0, 0, 0, 0, 0, 0, 0, 0, 0, 0, 0, 0, 0, 0, 0, 0, 0, 0, 0, 0, 0, 0, 0, 0, 0, 0)
  Punto 14: Transp=997450300.00, Infra=2234049.38 | State: (1, 0, 0, 0, 0, 0, 0, 0, 0, 0, 0, 0, 0, 0, 0, 0, 0, 0, 0, 0, 0, 0, 0, 0, 0, 0, 0, 0, 0, 0, 0, 0, 1, 0, 0, 0, 0, 0, 0, 0)
  Punto 15: Transp=1011455700.00, Infra=2090040.60 | State: (1, 0, 0, 0, 0, 0, 0, 0, 0, 0, 0, 0, 0, 0, 0, 0, 0, 0, 0, 0, 0, 0, 0, 0, 0, 0, 0, 0, 0, 0, 0, 0, 0, 0, 0, 0, 0, 0, 1, 0)
  Punto 16: Transp=1024758300.00, Infra=1971901.82 | State: (1, 1, 0, 0, 0, 0, 0, 0, 0, 0, 0, 0, 0, 0, 0, 0, 0, 0, 0, 0, 0, 0, 0, 0, 0, 0, 0, 0, 0, 0, 0, 0, 0, 0, 0, 0, 0, 0, 0, 0)
  Punto 17: Transp=1012153100.00, Infra=2040859.82 | State: (0, 1, 0, 0, 0, 0, 0, 0, 0, 0, 0, 0, 0, 0, 0, 0, 0, 0, 0, 0, 0, 0, 0, 0, 0, 0, 0, 0, 0, 0, 0, 0, 0, 0, 0, 0, 0, 0, 1, 0)
  Punto 18: Transp=998183100.00, Infra=2183022.09 | State: (0, 1, 0, 0, 0, 0, 0, 0, 0, 0, 0, 0, 0, 0, 0, 0, 0, 0, 0, 0, 0, 0, 0, 0, 0, 0, 0, 0, 0, 0, 0, 0, 1, 0, 0, 0, 0, 0, 0, 0)
  Punto 19: Transp=1001012100.00, Infra=2181869.61 | State: (0, 0, 0, 0, 0, 0, 1, 0, 0, 0, 0, 0, 0, 0, 0, 0, 0, 0, 0, 0, 0, 0, 0, 0, 0, 0, 0, 1, 0, 0, 0, 0, 0, 0, 0, 0, 0, 0, 0, 0)
  Punto 20: Transp=987516700.00, Infra=2333652.83 | State: (0, 0, 0, 0, 0, 1, 0, 0, 0, 0, 0, 0, 0, 0, 0, 0, 0, 0, 0, 0, 0, 0, 0, 0, 0, 0, 0, 0, 0, 0, 0, 0, 1, 0, 0, 0, 0, 0, 0, 0)
  Punto 21: Transp=1005542200.00, Infra=2090396.77 | State: (0, 1, 0, 0, 0, 0, 0, 0, 0, 0, 0, 0, 0, 0, 0, 0, 0, 0, 0, 0, 0, 0, 0, 0, 0, 0, 0, 1, 0, 0, 0, 0, 0, 0, 0, 0, 0, 0, 0, 0)
  Punto 22: Transp=998213500.00, Infra=2182935.59 | State: (0, 1, 0, 0, 0, 0, 0, 0, 0, 0, 0, 0, 0, 0, 0, 0, 0, 0, 0, 0, 0, 0, 0, 0, 0, 0, 0, 0, 0, 0, 0, 0, 1, 0, 0, 0, 0, 0, 0, 0)
  Punto 23: Transp=997476500.00, Infra=2233838.95 | State: (1, 0, 0, 0, 0, 0, 0, 0, 0, 0, 0, 0, 0, 0, 0, 0, 0, 0, 0, 0, 0, 0, 0, 0, 0, 0, 0, 0, 0, 0, 0, 0, 1, 0, 0, 0, 0, 0, 0, 0)
  Punto 24: Transp=1005237700.00, Infra=2090523.98 | State: (0, 1, 0, 0, 0, 0, 0, 0, 0, 0, 0, 0, 0, 0, 0, 0, 0, 0, 0, 0, 0, 0, 0, 0, 0, 0, 0, 1, 0, 0, 0, 0, 0, 0, 0, 0, 0, 0, 0, 0)
  Punto 25: Transp=1004516300.00, Infra=2140750.00 | State: (1, 0, 0, 0, 0, 0, 0, 0, 0, 0, 0, 0, 0, 0, 0, 0, 0, 0, 0, 0, 0, 0, 0, 0, 0, 0, 0, 1, 0, 0, 0, 0, 0, 0, 0, 0, 0, 0, 0, 0)
  Punto 26: Transp=986454600.00, Infra=2877848.91 | State: (0, 0, 1, 0, 0, 0, 0, 0, 0, 0, 0, 0, 0, 0, 0, 0, 0, 0, 0, 0, 0, 0, 0, 0, 0, 1, 0, 0, 0, 0, 0, 0, 1, 0, 0, 0, 0, 0, 0, 0)
  Punto 27: Transp=1000317500.00, Infra=2181891.75 | State: (0, 0, 0, 0, 0, 0, 1, 0, 0, 0, 0, 0, 0, 0, 0, 0, 0, 0, 0, 0, 0, 0, 0, 0, 0, 0, 0, 1, 0, 0, 0, 0, 0, 0, 0, 0, 0, 0, 0, 0)
  Punto 28: Transp=991912600.00, Infra=2247150.52 | State: (0, 0, 1, 0, 0, 0, 0, 0, 0, 0, 0, 0, 0, 0, 0, 0, 0, 0, 0, 0, 0, 0, 0, 0, 0, 1, 0, 0, 0, 0, 0, 0, 0, 0, 0, 0, 0, 0, 0, 0)
  Punto 29: Transp=1001701000.00, Infra=2166427.58 | State: (0, 1, 0, 0, 0, 0, 0, 0, 0, 0, 0, 0, 0, 0, 0, 0, 0, 0, 0, 0, 0, 0, 0, 0, 0, 1, 0, 0, 0, 0, 0, 0, 0, 0, 0, 0, 0, 0, 0, 0)

COMPARATIVA ESTADÍSTICA
Calidad del TPLS vs Exacto : 108.66% (Cobertura del Hipervolumen)
Aceleración de Tiempo      : El TPLS fue 0.55x más rápido que Epsilon